2	64	1	455764.339741 83896834 896139 174026546 2240186  0 
4	64	1	915588.156361 167771567 1790399 348420817 4475926  0 
6	64	1	1238772.554336 229421964 2447205 476662976 6112667  0 
8	64	1	1396343.380648 264042290 2850352 535063161 6848059  0 
10	64	1	1357137.523603 250815511 2675187 521139572 6680337  0 
12	64	1	1334780.103602 251906428 2709285 515273377 6601847  0 
12	64	2	2344507.825181 357339883 3464679 591249077 6929300  0 
12	64	8	5542696.404432 709782712 6137232 848252691 8182970  0 
12	64	32	6529087.993406 798240105 6645342 839049024 7249507  0 
12	64	64	6655794.807570 807277297 6671741 828113746 6979707  0 
12	64	128	6792704.816844 816761891 6726649 827346856 6883117  0 
12	64	256	6865568.030536 819041238 6733941 824360399 6812584  0 
12	64	512	6918998.421603 832819047 6841699 835527028 6881746  0 
12	64	1024	7074246.008746 850213332 6982491 851598122 7002970  0 
12	256	1	1319368.049536 494085334 2603439 757642596 6508767  0 
12	1024	1	860911.718669 974118053 1698303 1145565360 4246031  0 
12	4096	1	258134.901178 1121317816 1255313 1191215205 2278268  0 
12	8192	1	132417.517782 1145186144 1295470 1195818854 1951501  0 
