1	64	1	500998.732839 90182047 1002027 177354081 2504999  0 
2	64	1	561944.149618 101150017 1123888 198928063 2809718  0 
3	64	1	843379.136449 151808458 1686760 298556516 4216899  0 
4	64	1	1145346.862112 206162620 2290695 405452959 5726736  0 
5	64	1	1402326.060068 252419037 2804655 496423774 7011634  0 
6	64	1	1669389.321187 300490319 3338780 590964012 8346949  0 
7	64	1	1946445.594825 350360499 3892894 689042415 9732236  0 
8	64	1	2249723.752486 404950293 4499447 796402964 11248627  0 
9	64	1	2433003.271504 437941018 4866011 861285139 12165041  0 
10	64	1	2674953.646835 481491572 5349905 946934860 13374782  0 
11	64	1	2881439.983409 518658652 5762873 1020030166 14407201  0 
12	64	1	3114305.651887 560574693 6228607 1102465188 15571537  0 
13	64	1	3341572.297907 601481972 6683133 1182916364 16707853  0 
14	64	1	3395697.871054 611224665 6791384 1202076661 16978479  0 
15	64	1	3556718.965454 640208475 7113427 1259078057 17783584  0 
16	64	1	3755966.133824 676073197 7511924 1329612409 18779833  0 
16	64	2	6062017.552974 903240028 9093019 1430636194 18186051  0 
16	64	8	7319300.651871 920403399 8234225 1079599764 10978979  0 
16	64	32	11364765.205916 1363061494 11719914 1424858428 12785370  0 
16	64	64	11553808.155332 1374542604 11734340 1405955126 12275927  0 
16	64	128	11768770.151922 1394415669 11860715 1410414435 12136548  0 
16	64	256	11544865.091715 1365090919 11589969 1372938554 11725268  0 
16	64	512	11528685.773821 1361781933 11551210 1365700715 11618767  0 
16	64	1024	11487592.328155 1356231846 11498810 1358183255 11532446  0 
16	256	1	3983559.245497 1481881786 7967106 2175021795 19917777  0 
16	1024	1	3354802.202729 3824471576 6709597 4408208381 16773995  0 
16	4096	1	1044923.067243 4534093505 4434430 4766066985 8614135  0 
16	8192	1	526709.749538 4592508990 4888893 4731559831 7522462  0 
