0	64	999999999	23861.099520 0 0 0 0 0
0	96	999999999	22021.967872 0 0 0 0 0
0	128	999999999	22406.667264 0 0 0 0 0
0	192	999999999	19112.800256 0 0 0 0 0
0	256	999999999	17232.852736 0 0 0 0 0
0	384	999999999	14847.619413 0 0 0 0 0
0	512	999999999	11120.755072 0 0 0 0 0
0	768	999999999	10997.414741 0 0 0 0 0
0	1024	999999999	10105.052160 0 0 0 0 0
0	1536	999999999	6083.815381 0 0 0 0 0
0	2048	999999999	8046.317632 0 0 0 0 0
0	3072	999999999	4304.234133 0 0 0 0 0
0	4096	999999999	4279.334368 0 0 0 0 0
0	6144	999999999	4341.570059 0 0 0 0 0
0	8192	999999999	4351.795480 0 0 0 0 0
0	12288	999999999	4194.471781 0 0 0 0 0
0	16384	999999999	4115.573088 0 0 0 0 0
0	24576	999999999	3736.507144 0 0 0 0 0
0	32768	999999999	2817.995162 0 0 0 0 0
0	49152	999999999	2538.141373 0 0 0 0 0
0	65536	999999999	2486.884031 0 0 0 0 0
0	98304	999999999	1914.167188 0 0 0 0 0
0	131072	999999999	1638.777687 0 0 0 0 0
0	196608	999999999	1335.450881 0 0 0 0 0
0	262144	999999999	1123.141355 0 0 0 0 0
0	393216	999999999	851.723529 0 0 0 0 0
0	524288	999999999	707.018768 0 0 0 0 0
0	786432	999999999	542.619729 0 0 0 0 0
0	1048576	999999999	429.613970 0 0 0 0 0
