0	64	999999999	20120.425472 0 0 0 0 0
0	96	999999999	20832.980992 0 0 0 0 0
0	128	999999999	20153.296384 0 0 0 0 0
0	192	999999999	18754.712917 0 0 0 0 0
0	256	999999999	16977.551104 0 0 0 0 0
0	384	999999999	13789.341525 0 0 0 0 0
0	512	999999999	12976.622720 0 0 0 0 0
0	768	999999999	12373.308160 0 0 0 0 0
0	1024	999999999	12009.116416 0 0 0 0 0
0	1536	999999999	6980.733653 0 0 0 0 0
0	2048	999999999	8126.921152 0 0 0 0 0
0	3072	999999999	7615.069269 0 0 0 0 0
0	4096	999999999	7547.648960 0 0 0 0 0
0	6144	999999999	5862.715605 0 0 0 0 0
0	8192	999999999	7233.803592 0 0 0 0 0
0	12288	999999999	4298.323429 0 0 0 0 0
0	16384	999999999	4222.807952 0 0 0 0 0
0	24576	999999999	4086.820619 0 0 0 0 0
0	32768	999999999	4108.477896 0 0 0 0 0
0	49152	999999999	3485.030577 0 0 0 0 0
0	65536	999999999	3444.362872 0 0 0 0 0
0	98304	999999999	2656.118953 0 0 0 0 0
0	131072	999999999	2435.942945 0 0 0 0 0
0	196608	999999999	1450.137086 0 0 0 0 0
0	262144	999999999	1379.900447 0 0 0 0 0
0	393216	999999999	1014.653594 0 0 0 0 0
0	524288	999999999	872.980365 0 0 0 0 0
0	786432	999999999	616.496630 0 0 0 0 0
0	1048576	999999999	435.632894 0 0 0 0 0
