18	64	999999999	260571.224940 33875448 260588 33874244 260571  0 
36	64	999999999	457882.944432 59525873 457895 59524925 457884  0 
54	64	999999999	624484.999153 81182999 624484 81182928 624484  0 
90	64	999999999	879441.806375 114327661 879444 114327668 879444  0 
144	64	999999999	1042236.049146 135490735 1042236 135490690 1042236  0 
234	64	999999999	1060594.012873 137877409 1060596 137877373 1060595  0 
396	64	999999999	1080207.592343 140427057 1080208 140426961 1080207  0 
432	64	999999999	1093350.962726 142135733 1093352 142135686 1093351  0 
864	64	999999999	1080758.939380 140498916 1080761 140498898 1080761  0 
1296	64	999999999	1137878.221604 147923987 1137877 147924044 1137878  0 
2160	64	999999999	1070988.001990 139227926 1070984 139228850 1071000  0 
3888	64	999999999	1061787.767655 138032102 1061787 138034867 1061828  0 
6048	64	999999999	880458.609335 114460496 880473 114467412 880570  0 
9936	64	999999999	795653.227138 103442176 795759 103460719 795978  0 
15552	64	999999999	768171.169524 99895731 768656 99970006 769502  0 
25056	64	999999999	790365.210977 105704763 835114 103017639 793625  0 
39744	64	999999999	634735.968620 117254076 1160935 83148684 642438  0 
63072	64	999999999	675724.514174 127530419 1266456 92244457 725750  0 
99792	64	999999999	642150.427642 122824828 1213868 94283441 765106  0 
158112	64	999999999	660041.479350 130307238 1294724 104750980 877470  0 
250992	64	999999999	648115.322940 127257467 1264552 108732427 942630  0 
