6 64 999999999 17117.788082 2054594 16841 2054352 16839  0 
6 20000 999999999 6831.938590 140865694 139144 138706487 106030  0 
6 40000 999999999 4598.097120 189155278 186843 185831851 135330  0 
6 60000 999999999 3371.964400 214878142 215405 210960930 154831  0 
6 80000 999999999 3167.529402 268169189 264873 263509921 192933  0 
6 100000 999999999 3036.958483 319254924 318145 313743149 233406  0 
6 120000 999999999 2302.727003 289606214 288178 284423524 208223  0 
6 140000 999999999 2133.495008 312145866 310278 306658769 225768  0 
6 160000 999999999 1824.107589 301345472 297641 296097934 216761  0 
6 180000 999999999 1579.784461 292439834 290278 287335409 211635  0 
6 200000 999999999 1215.982762 257848826 255822 253338474 186207  0 
6 300000 999999999 976.754918 309873737 306972 304430897 223179  0 
6 400000 999999999 772.960294 326129876 322840 320416601 234756  0 
6 500000 999999999 615.816939 323725572 320889 318029756 232997  0 
6 600000 999999999 542.490051 341493990 337795 335451624 244654  0 
6 700000 999999999 434.664931 318036199 314927 312474470 229255  0 
6 800000 999999999 374.624976 311659341 308646 306184281 224259  0 
6 900000 999999999 339.127268 316715282 313443 311158906 227590  0 
6 1048576 999999999 266.732594 288872815 286047 283801364 207843  0
