16	64	999999999	31130.052317 3673357 31130 3673353 31130  40 
16	20000	999999999	5336.312420 111308673 80672 111945263 96648  214 
16	40000	999999999	4002.360809 166598510 114154 167775422 142167  246 
16	60000	999999999	4001.061262 249984892 174390 251636472 214397  261 
16	80000	999999999	2908.462693 241974511 163450 243691716 204123  408 
16	100000	999999999	2433.043581 252991005 170312 254855883 214102  416 
16	120000	999999999	2068.808406 258150154 173781 259987276 217227  484 
16	140000	999999999	2081.897505 303317969 208348 305299386 256180  510 
16	160000	999999999	1794.487588 298860490 206492 300758693 252901  614 
16	180000	999999999	1273.414746 238452766 162563 240055390 200754  675 
16	300000	999999999	761.430800 237704113 163056 239193191 199332  1107 
16	400000	999999999	675.717114 281308133 193898 282916864 233889  1506 
16	500000	999999999	645.848086 336077531 231040 337983763 277958  1724 
16	600000	999999999	514.180475 320976350 219539 322816614 266079  2078 
16	700000	999999999	489.305655 356460975 245684 358421911 295054  2439 
16	800000	999999999	320.077008 266521840 183888 268006470 221201  2876 
16	900000	999999999	349.546853 327410696 225662 329203588 271890  3222 
16	1048576	999999999	261.635851 285533575 198310 287337915 240608  3874 
