18	64	999999999	516396.846030 60935796 516411 60934787 516396  0 
36	64	999999999	1016554.128906 119954218 1016564 119953379 1016554  0 
54	64	999999999	1519691.967515 179323397 1519689 179323361 1519689  0 
90	64	999999999	2492733.709763 294142546 2492733 294142467 2492733  0 
144	64	999999999	3841350.007090 453279053 3841348 453279045 3841347  0 
234	64	999999999	5760313.467682 679716631 5760310 679716714 5760311  0 
396	64	999999999	7467069.035281 881114087 7467069 881114044 7467068  0 
432	64	999999999	7838279.981189 924916597 7838276 924916636 7838276  0 
864	64	999999999	8802548.670040 1038701442 8802555 1038701780 8802557  0 
1296	64	999999999	8802551.771716 1038701844 8802558 1038702091 8802560  0 
2160	64	999999999	8802558.850799 1038702161 8802561 1038702687 8802565  0 
3888	64	999999999	8802555.126600 1038701690 8802557 1038702658 8802567  0 
6048	64	999999999	8802526.076112 1038698940 8802537 1038702120 8802574  0 
9936	64	999999999	8802490.637654 1038694210 8802502 1038704644 8802622  0 
15552	64	999999999	8802451.696166 1038687237 8802461 1038718247 8802803  0 
25056	64	999999999	7154454.818640 844218557 7154461 844304108 7155377  0 
39744	64	999999999	6770954.187824 798963732 6771011 799145694 6772996  0 
63072	64	999999999	6368849.030041 751498046 6368830 751925889 6373456  0 
99792	64	999999999	6230464.345326 735331655 6232717 736324482 6243972  0 
158112	64	999999999	6032711.770183 712069823 6036145 713772292 6055016  0 
250992	64	999999999	5898957.679430 696468567 5905320 699264786 5936459  0 
