1	64	1	561453.091251 101063800 1122935 198754083 2807261  0 
2	64	1	646636.028308 116394544 1293272 228909181 3233179  0 
3	64	1	976376.687420 175748053 1952755 345637659 4881887  0 
4	64	1	1280879.092429 230558427 2561759 453431274 6404396  0 
5	64	1	1543871.265287 277897051 3087744 546530675 7719359  0 
6	64	1	1736166.510419 312510129 3472334 614603233 8680835  0 
7	64	1	1723610.067116 310250016 3447222 610158425 8618056  0 
8	64	1	1716694.666117 309005011 3433389 607709847 8583471  0 
9	64	1	1707520.868185 307353894 3415043 604462516 8537605  0 
10	64	1	1695553.964706 305199657 3391107 600225870 8477765  0 
11	64	1	1688544.449376 303938237 3377091 597745158 8442728  0 
12	64	1	1680696.977083 302525761 3361397 594967202 8403491  0 
13	64	1	1669164.362394 300449820 3338331 590884560 8345826  0 
14	64	1	1670655.147449 300717816 3341309 591411647 8353271  0 
15	64	1	1654941.897857 297889887 3309887 585849879 8274715  0 
16	64	1	1647038.071529 296466828 3294075 583051353 8235188  0 
16	64	2	2819865.204403 420159874 4229797 665488254 8459595  0 
16	64	8	6178050.706678 776890735 6950314 911264230 9267093  0 
16	64	32	8173462.396676 980305731 8428892 1024749388 9195157  0 
16	64	64	8476574.639794 1008448594 8609031 1031494911 9006376  0 
16	64	128	8636722.956451 1023317548 8704204 1035058571 8906629  0 
16	64	256	8719081.640994 1030964436 8753151 1036890933 8855331  0 
16	64	512	8760856.431629 1034842124 8777965 1037818408 8829277  0 
16	64	1024	8781908.485096 1036797869 8790488 1038288647 8816188  0 
16	256	1	1569993.675052 584038687 3139992 857217350 7849977  0 
16	1024	1	860904.519999 981431199 1721810 1131229146 4304525  0 
16	4096	1	261258.179169 1133677802 1109105 1191686151 2154156  0 
16	8192	1	133295.733490 1162935723 1250266 1198140186 1916750  0 
