2	64	1	266553.874542 71965245 799591 107168969 1332927  0 
4	64	1	537121.468455 145008280 1611143 215937890 2685775  0 
6	64	1	735607.858365 198581969 2206331 295728445 3678195  0 
8	64	1	1036131.870388 279703101 3107595 416539794 5180823  0 
10	64	1	700811.155037 189208806 2102274 281737981 3504187  0 
12	64	1	1285170.857135 346942602 3854700 516651774 6425998  0 
14	64	1	1459614.503711 394029609 4377836 586778001 7298218  0 
16	64	1	1484268.511553 400677445 4451663 596690424 7421505  0 
16	64	2	2485505.321811 579011785 6212058 661159684 7456684  0 
16	64	8	3936360.643226 807708084 8361242 645581783 5904747  0 
16	64	32	4460271.157933 884494097 9059391 617763896 5017974  0 
16	64	64	4520585.151288 891257033 9111709 606905291 4803292  0 
16	64	128	4507283.890217 886033949 9049750 595545346 4648358  0 
16	64	256	4598781.363658 902690401 9215500 602745790 4670821  0 
16	64	512	4628665.155444 907889093 9266366 604203777 4665017  0 
16	64	1024	4622661.651956 906376956 9249828 602192038 4640905  0 
16	256	1	1397802.624843 645752750 4192915 830323496 6989217  0 
16	1024	1	730022.925644 897923998 2189998 994369125 3650325  0 
16	4096	1	214550.383945 955611931 1137548 999932483 1809142  0 
16	8192	1	112095.524200 981365434 940913 1017839353 1493033  0 
