18	64	999999999	490489.739462 57879476 490511 57877862 490490  0 
36	64	999999999	973763.100229 114904175 973764 114904127 973764  0 
54	64	999999999	1410197.492605 166403397 1410198 166403334 1410198  0 
90	64	999999999	2256989.012896 266324733 2256989 266324690 2256989  0 
144	64	999999999	3420334.870594 403599654 3420336 403599580 3420335  0 
234	64	999999999	5212779.326837 615107968 5212779 615107991 5212779  0 
396	64	999999999	7372769.000062 869986693 7372769 869986787 7372769  0 
432	64	999999999	7839040.669041 925006695 7839040 925006869 7839041  0 
864	64	999999999	11666473.008512 1376644703 11666481 1376645213 11666485  0 
1296	64	999999999	12701147.261345 1498736144 12701154 1498738147 12701172  0 
2160	64	999999999	12681740.118287 1496446970 12681755 1496450462 12681786  0 
3888	64	999999999	12057184.609933 1422747963 12057188 1422752540 12057232  0 
6048	64	999999999	11279876.105067 1331024634 11279870 1331028535 11279906  0 
9936	64	999999999	10036950.822698 1184361792 10036973 1184370325 10037069  0 
15552	64	999999999	8273535.783359 976277684 8273539 976278678 8273550  0 
25056	64	999999999	6916034.434786 816095478 6916085 816105828 6916218  0 
39744	64	999999999	6600940.943890 778911529 6600954 778921437 6601116  0 
63072	64	999999999	6380020.647960 752784270 6379657 753110462 6383249  0 
99792	64	999999999	6202552.407534 731981646 6203930 732637168 6211832  0 
158112	64	999999999	6117558.771752 722060785 6120651 723171228 6134301  0 
250992	64	999999999	5974593.393179 705411516 5981245 707288640 6004639  0 
