18	89.0 1.3 8.2 8802.4 58930.0 7.7 449583.0 0.0 0.0
36	79.3 2.5 16.6 8819.7 29630.5 12.1 876756.4 0.0 0.0
54	70.9 4.0 23.7 8488.5 19989.4 10.1 1298569.8 0.0 0.0
90	55.8 6.3 36.5 8091.2 12145.4 9.4 2076579.1 0.0 0.0
144	40.6 8.1 49.8 7490.7 8004.1 9.4 3020513.7 0.4 0.0
234	19.5 11.3 67.7 6631.0 5039.2 7.2 4632187.9 0.9 0.0
396	1.7 13.5 83.0 5664.0 3424.0 5.8 6627155.8 2.1 0.0
432	2.6 13.5 82.4 5292.7 3385.5 5.1 7034966.1 2.5 0.0
864	1.5 12.8 84.6 3760.3 2948.6 2.3 10049960.5 10.6 0.0
1296	1.5 12.4 85.0 3576.2 2877.4 1.6 10570342.7 25.4 0.0
2160	1.5 13.4 84.0 3609.1 2854.7 1.4 10472814.8 47.3 0.0
3888	1.5 13.9 83.5 3688.2 2839.7 2.5 10248007.4 107.4 0.0
6048	0.0 14.8 84.2 4028.1 2797.9 5.7 9533129.0 127.9 0.9
9936	0.0 17.1 81.9 4519.0 2798.9 9.0 8497541.1 128.0 2.7
15552	1.5 21.0 76.4 5273.4 2858.0 14.8 7166703.9 124.2 5.0
25056	1.5 22.7 74.8 6120.3 2868.6 22.0 6175332.7 124.2 9.7
39744	0.0 23.0 76.0 6416.1 2803.0 24.4 5984952.3 128.0 17.0
63072	0.0 22.2 76.8 6771.2 2804.5 25.7 5671106.6 128.0 28.3
99792	1.5 21.9 75.5 6860.6 2881.1 26.8 5507456.1 119.8 43.2
158112	0.0 21.7 77.3 7043.7 2809.9 27.5 5451668.5 128.0 74.8
250992	1.5 21.3 76.1 7186.2 2888.8 28.1 5257288.5 115.2 108.0
