0	64	999999999	3941.052416 0 0 0 0 0
0	96	999999999	3705.215659 0 0 0 0 0
0	128	999999999	4287.076352 0 0 0 0 0
0	192	999999999	4316.459691 0 0 0 0 0
0	256	999999999	4260.599040 0 0 0 0 0
0	384	999999999	4218.178901 0 0 0 0 0
0	512	999999999	4330.721792 0 0 0 0 0
0	768	999999999	4160.768171 0 0 0 0 0
0	1024	999999999	3515.791424 0 0 0 0 0
0	1536	999999999	3373.471019 0 0 0 0 0
0	2048	999999999	3396.032576 0 0 0 0 0
0	3072	999999999	3134.123904 0 0 0 0 0
0	4096	999999999	3021.419264 0 0 0 0 0
0	6144	999999999	2957.171360 0 0 0 0 0
0	8192	999999999	2938.154712 0 0 0 0 0
0	12288	999999999	2975.760027 0 0 0 0 0
0	16384	999999999	2879.358540 0 0 0 0 0
0	24576	999999999	2847.708216 0 0 0 0 0
0	32768	999999999	2579.522756 0 0 0 0 0
0	49152	999999999	2070.995329 0 0 0 0 0
0	65536	999999999	1766.595486 0 0 0 0 0
0	98304	999999999	1425.984075 0 0 0 0 0
0	131072	999999999	1165.527992 0 0 0 0 0
0	196608	999999999	874.553059 0 0 0 0 0
0	262144	999999999	734.969869 0 0 0 0 0
0	393216	999999999	557.364074 0 0 0 0 0
0	524288	999999999	454.258391 0 0 0 0 0
0	786432	999999999	345.968204 0 0 0 0 0
0	1048576	999999999	273.995862 0 0 0 0 0
