1	64	1	47141.010282 12728798 141432 19051568 236719  0 
2	64	1	49862.010579 13461820 149571 20097891 249965  0 
3	64	1	68105.676263 18388230 204312 27429940 341168  0 
4	64	1	87648.335622 23663975 262928 35275247 438752  0 
5	64	1	99215.773005 26786345 297619 39927578 496625  0 
6	64	1	118128.938374 31894996 354388 47530788 591189  0 
7	64	1	128393.742448 34665764 385172 51652705 642461  0 
8	64	1	141703.041444 38258001 425082 56999866 708971  0 
9	64	1	155953.846496 42105950 467838 62728181 780217  0 
10	64	1	162804.873857 43955542 488389 65480113 814449  0 
11	64	1	170110.430419 45928422 510309 68406494 850840  0 
12	64	1	186429.416594 50334193 559262 74974458 932535  0 
13	64	1	186088.065834 50242038 558238 74831122 930749  0 
14	64	1	198069.474964 53477451 594188 79650475 990694  0 
15	64	1	207571.393411 56042676 622690 83466518 1038156  0 
16	64	1	204688.656913 55265299 614055 82309928 1023770  0 
16	64	2	332800.542678 66559499 665591 88537066 998558  0 
16	64	8	546405.539273 80594871 683006 89610462 819606  0 
16	64	32	710747.956626 95506374 755163 98437666 799577  0 
16	64	64	748351.129270 98922008 771726 100464491 795097  0 
16	64	128	751137.508088 98468020 762852 99241133 774566  0 
16	64	256	750437.467039 97965792 756278 98351113 762116  0 
16	64	512	769593.060578 100255808 772573 100452480 775553  0 
16	64	1024	797554.895036 103789361 799085 103890299 800615  0 
16	256	1	208920.216614 96520131 626745 124124191 1044898  0 
16	1024	1	196697.790720 241935428 590066 267943749 983872  0 
16	4096	1	116993.966122 522192361 637148 540901038 920004  0 
16	8192	1	87817.000265 762486794 642362 786728121 1008401  0 
