18	64	999999999	273097.303965 35502708 273098 35502541 273096  0 
36	64	999999999	470668.336561 61186880 470668 61186827 470667  0 
54	64	999999999	636331.335608 82723070 636331 82723013 636330  0 
90	64	999999999	776796.299572 100983606 776797 100983549 776796  0 
144	64	999999999	819830.983814 106577899 819830 106577880 819829  0 
234	64	999999999	865887.507354 112565325 865887 112565293 865886  0 
396	64	999999999	852084.198630 110770942 852084 110770846 852083  0 
432	64	999999999	885062.585283 115058068 885062 115058036 885061  0 
864	64	999999999	831255.225876 108063228 831255 108063162 831255  0 
1296	64	999999999	873364.122914 113537294 873363 113537486 873367  0 
2160	64	999999999	831688.603476 108119493 831688 108119768 831694  0 
3888	64	999999999	821959.833438 106854939 821961 106857389 821998  0 
6048	64	999999999	718763.144121 93438963 718761 93443496 718831  0 
9936	64	999999999	649042.878524 84389036 649240 84423378 649649  0 
15552	64	999999999	657216.102554 85474336 657742 85556804 658673  0 
25056	64	999999999	607892.473841 97582881 888998 79298118 611223  0 
39744	64	999999999	569573.051160 105519830 1046349 74733513 578082  0 
63072	64	999999999	593797.815341 107148254 1047426 78930309 615849  0 
99792	64	999999999	579553.113139 111694220 1110391 85123172 692566  0 
158112	64	999999999	567144.492335 110259195 1100196 87474876 732131  0 
250992	64	999999999	564231.830816 111262936 1119981 92636808 806201  0 
