0	64	999999999	5233.721344 0 0 0 0 0
0	96	999999999	5438.037333 0 0 0 0 0
0	128	999999999	5427.411968 0 0 0 0 0
0	192	999999999	5020.352853 0 0 0 0 0
0	256	999999999	4785.177856 0 0 0 0 0
0	384	999999999	4936.566101 0 0 0 0 0
0	512	999999999	5084.436224 0 0 0 0 0
0	768	999999999	4869.736448 0 0 0 0 0
0	1024	999999999	4831.423872 0 0 0 0 0
0	1536	999999999	5272.869461 0 0 0 0 0
0	2048	999999999	4641.873440 0 0 0 0 0
0	3072	999999999	4847.337280 0 0 0 0 0
0	4096	999999999	4753.075568 0 0 0 0 0
0	6144	999999999	4586.545355 0 0 0 0 0
0	8192	999999999	4369.476304 0 0 0 0 0
0	12288	999999999	4030.814176 0 0 0 0 0
0	16384	999999999	3650.839964 0 0 0 0 0
0	24576	999999999	3321.379136 0 0 0 0 0
0	32768	999999999	2815.252542 0 0 0 0 0
0	49152	999999999	1869.294364 0 0 0 0 0
0	65536	999999999	1672.270000 0 0 0 0 0
0	98304	999999999	1358.307453 0 0 0 0 0
0	131072	999999999	1055.287630 0 0 0 0 0
0	196608	999999999	784.812344 0 0 0 0 0
0	262144	999999999	635.006071 0 0 0 0 0
0	393216	999999999	487.555564 0 0 0 0 0
0	524288	999999999	398.268030 0 0 0 0 0
0	786432	999999999	285.997048 0 0 0 0 0
0	1048576	999999999	224.204170 0 0 0 0 0
