0	64	999999999	5762.356224 0 0 0 0 0
0	96	999999999	5767.665664 0 0 0 0 0
0	128	999999999	5749.087232 0 0 0 0 0
0	192	999999999	5763.623253 0 0 0 0 0
0	256	999999999	5759.745024 0 0 0 0 0
0	384	999999999	5751.373312 0 0 0 0 0
0	512	999999999	5729.688704 0 0 0 0 0
0	768	999999999	5712.053845 0 0 0 0 0
0	1024	999999999	5708.710784 0 0 0 0 0
0	1536	999999999	5615.766912 0 0 0 0 0
0	2048	999999999	5606.009248 0 0 0 0 0
0	3072	999999999	5522.672384 0 0 0 0 0
0	4096	999999999	5467.170672 0 0 0 0 0
0	6144	999999999	5279.041429 0 0 0 0 0
0	8192	999999999	5142.725424 0 0 0 0 0
0	12288	999999999	4820.872843 0 0 0 0 0
0	16384	999999999	4499.215860 0 0 0 0 0
0	24576	999999999	3916.652504 0 0 0 0 0
0	32768	999999999	3356.382988 0 0 0 0 0
0	49152	999999999	2560.609520 0 0 0 0 0
0	65536	999999999	2126.346741 0 0 0 0 0
0	98304	999999999	1430.697389 0 0 0 0 0
0	131072	999999999	1274.825689 0 0 0 0 0
0	196608	999999999	1042.687423 0 0 0 0 0
0	262144	999999999	840.519986 0 0 0 0 0
0	393216	999999999	651.003363 0 0 0 0 0
0	524288	999999999	540.686341 0 0 0 0 0
0	786432	999999999	381.370744 0 0 0 0 0
0	1048576	999999999	297.844159 0 0 0 0 0
