1	64	1	47285.838560 12768260 141871 19108373 237425  0 
2	64	1	52353.855075 14134475 157045 21100602 262435  0 
3	64	1	68520.036697 18499245 205543 27598973 343274  0 
4	64	1	86575.604525 23373210 259694 34849700 433467  0 
5	64	1	95787.462339 25860084 287325 38551461 479513  0 
6	64	1	104418.673546 28190976 313224 42021394 522679  0 
7	64	1	121467.681446 32793257 364359 48874503 607919  0 
8	64	1	131108.608104 35397369 393296 52750714 656130  0 
9	64	1	138143.829744 37295887 414389 55577661 691295  0 
10	64	1	145988.975731 39414475 437929 58734771 730563  0 
11	64	1	157516.541859 42526773 472511 63365149 788155  0 
12	64	1	160870.030145 43432111 482569 64715717 804954  0 
13	64	1	171036.310441 46177213 513071 68802284 855780  0 
14	64	1	171760.504874 46373090 515249 69094331 859412  0 
15	64	1	181564.676361 49019544 544652 73035849 908438  0 
16	64	1	187999.355586 50757563 563964 75621356 940598  0 
16	64	2	292345.564774 58490130 585009 77787785 877352  0 
16	64	8	519977.540790 76700254 650025 85276154 779962  0 
16	64	32	757279.459727 101759021 804603 104882391 851927  0 
16	64	64	808934.518539 106930568 834206 108598393 859476  0 
16	64	128	912098.603373 119569081 926331 120508493 940564  0 
16	64	256	974158.362998 127171447 981743 127672103 989329  0 
16	64	512	998607.595024 130090421 1002484 130346234 1006360  0 
16	64	1024	999443.421169 130062450 1001368 130189368 1003292  0 
16	256	1	185095.645491 85512209 555256 110002416 926127  0 
16	1024	1	176646.255151 217275319 529943 240687428 883877  0 
16	4096	1	113342.578317 505842202 616337 524184307 891814  0 
16	8192	1	87249.367659 756059756 615422 781637707 1000568  0 
