2	64	1	257726.390050 455351260 2111883 258917074 2628103  0 
4	64	1	495130.520143 139732707 1486492 209209889 2477713  0 
6	64	1	629185.378272 177578077 1889095 265756081 3148748  0 
8	64	1	904397.150583 255272266 2715569 382037198 4526479  0 
12	64	1	1053258.131554 297432496 3164109 445126830 5273978  0 
12	64	2	1355721.015377 329761654 3392649 377281324 4071548  0 
12	64	8	2205325.124615 471870063 4691167 375319108 3311863  0 
12	64	32	3009244.899464 622060718 6120809 430915804 3390138  0 
12	64	64	2936494.709648 603218420 5924777 407123395 3123416  0 
12	64	128	3164187.321835 647785199 6356691 431374719 3265111  0 
12	64	256	3221984.882317 658820096 6462042 435749733 3275320  0 
12	64	512	3263891.179335 666920243 6539988 439599165 3292527  0 
12	64	1024	3253521.964671 664558816 6516017 437289062 3269345  0 
12	256	1	862911.414350 409394533 2591245 530343082 4318947  0 
12	1024	1	644868.545489 801966581 1937545 892454197 3229222  0 
12	4096	1	211142.135886 956624041 1279197 1000459792 1902363  0 
12	8192	1	113173.475755 1002860277 1056630 1049451392 1701250  0 
