16	64	999999999	86921.448437 0 0 0 0  0 
16	20000	999999999	16919.735100 0 0 0 0  0 
16	40000	999999999	9741.445944 0 0 0 0  0 
16	60000	999999999	6773.977514 0 0 0 0  0 
16	80000	999999999	5452.751284 0 0 0 0  0 
16	100000	999999999	4577.845415 0 0 0 0  0 
16	120000	999999999	3953.846942 0 0 0 0  0 
16	140000	999999999	3479.858125 0 0 0 0  0 
16	160000	999999999	3117.377720 0 0 0 0  0 
16	180000	999999999	2804.527315 0 0 0 0  0 
16	200000	999999999	2566.769993 0 0 0 0  0 
16	300000	999999999	1792.703893 0 0 0 0  0 
16	400000	999999999	1373.757285 0 0 0 0  0 
16	524288	999999999	1066.335369 0 0 0 0  0 
